-43.95 -42.75 0.0
-43.018392495 -42.6172259144 -0.278885448375
-42.08678499 -42.4844518288 -0.55777089675
-41.1551774851 -42.3516777432 -0.836656345125
-40.2235699801 -42.2189036576 -1.1155417935
-39.4450012783 -41.1887599695 -0.96208921469
-38.6664325765 -40.1586162814 -0.808636635881
-37.8878638747 -39.1284725933 -0.655184057072
-37.1092951729 -38.0983289051 -0.501731478263
-36.3307264711 -37.068185217 -0.348278899453
-35.5521577693 -36.0380415289 -0.194826320644
-34.7735890675 -35.0078978408 -0.0413737418349
-33.9950203657 -33.9777541526 0.112078836974
-33.2164516639 -32.9476104645 0.265531415784
-32.4378829621 -31.9174667764 0.418983994593
-31.6593142602 -30.8873230883 0.572436573402
-30.8807455584 -29.8571794001 0.725889152211
-29.973937373 -30.8644088409 0.689665204849
-29.0671291876 -31.8716382817 0.653441257488
-28.1603210022 -32.8788677225 0.617217310126
-27.2535128167 -33.8860971633 0.580993362764
-26.3467046313 -34.8933266041 0.544769415402
-25.4398964459 -35.9005560449 0.50854546804
-24.5330882605 -36.9077854857 0.472321520678
-23.626280075 -37.9150149265 0.436097573316
-22.6823050622 -38.6792979738 0.416484223623
-21.7383300494 -39.4435810212 0.39687087393
-20.7943550366 -40.2078640686 0.377257524237
-19.8503800237 -40.9721471159 0.357644174544
-18.9064050109 -41.7364301633 0.338030824851
-17.9624299981 -42.5007132106 0.318417475158
-16.7211203661 -41.3214251105 0.431688906816
-15.4798107341 -40.1421370104 0.544960338473
-15.2568097697 -38.6844586497 0.644623924486
-15.0338088053 -37.2267802891 0.744287510499
-14.8108078409 -35.7691019285 0.843951096512
-14.5878068765 -34.3114235679 0.943614682525
-14.6939283609 -33.0207039352 0.74868537218
-14.8000498452 -31.7299843026 0.553756061836
-14.9061713295 -30.4392646699 0.358826751491
-15.0122928139 -29.1485450373 0.163897441147
-15.1184142982 -27.8578254046 -0.031031869198
-15.2245357825 -26.567105772 -0.225961179543
-15.3306572669 -25.2763861393 -0.420890489887
-15.4367787512 -23.9856665067 -0.615819800232
-15.5429002355 -22.694946874 -0.810749110576
-15.6490217199 -21.4042272414 -1.00567842092
-15.7551432042 -20.1135076087 -1.20060773127
-15.8612646886 -18.822787976 -1.39553704161
-14.5603707808 -19.1438293432 -1.31589675323
-13.259476873 -19.4648707104 -1.23625646485
-11.9585829652 -19.7859120776 -1.15661617647
-10.6576890574 -20.1069534448 -1.07697588809
-9.35679514961 -20.4279948119 -0.997335599705
-8.05590124183 -20.7490361791 -0.917695311324
-6.75500733404 -21.0700775463 -0.838055022943
-5.45411342625 -21.3911189135 -0.758414734562
-5.56845642415 -22.8228859407 -1.00979740474
-5.68279942205 -24.2546529679 -1.26118007491
-5.79714241995 -25.6864199951 -1.51256274509
-5.91148541785 -27.1181870224 -1.76394541526
-6.02582841575 -28.5499540496 -2.01532808544
-6.14017141365 -29.9817210768 -2.26671075562
-6.25451441155 -31.4134881041 -2.51809342579
-6.36885740945 -32.8452551313 -2.76947609597
-6.48320040735 -34.2770221585 -3.02085876614
-6.59754340525 -35.7087891857 3.01094387086
-6.71188640314 -37.140556213 2.75956120068
-6.82622940104 -38.5723232402 2.50817853051
-6.70125581761 -40.5202072357 2.86253068879
-6.57628223417 -42.4680912312 -3.06630246012
-4.98924700015 -42.9431518635 -3.00613658575
-3.40221176612 -43.4182124958 -2.94597071138
-1.8151765321 -43.8932731282 -2.88580483702
-0.228141298075 -44.3683337605 -2.82563896265
1.09646787868 -44.2189903038 -2.87531168699
2.42107705543 -44.0696468471 -2.92498441132
3.74568623219 -43.9203033904 -2.97465713566
5.07029540894 -43.7709599337 -3.02432985999
6.39490458569 -43.621616477 -3.07400258433
7.71951376245 -43.4722730202 -3.12367530866
9.0441229392 -43.3229295635 3.10983727418
10.368732116 -43.1735861068 3.06016454984
11.6933412927 -43.0242426501 3.01049182551
13.0179504695 -42.8748991934 2.96081910117
14.3425596462 -42.7255557367 2.91114637684
15.667168823 -42.57621228 2.8614736525
16.9917779997 -42.4268688233 2.81180092817
18.3163871765 -42.2775253666 2.76212820383
19.6296036103 -42.0466308661 2.68779173152
20.9428200441 -41.8157363656 2.61345525922
22.2560364779 -41.5848418651 2.53911878691
23.5692529117 -41.3539473647 2.46478231461
24.8824693455 -41.1230528642 2.3904458423
26.1956857793 -40.8921583637 2.31610936999
27.5089022131 -40.6612638632 2.24177289769
28.8221186469 -40.4303693627 2.16743642538
30.1353350807 -40.1994748623 2.09309995308
31.4485515145 -39.9685803618 2.01876348077
32.7617679483 -39.7376858613 1.94442700846
34.0749843821 -39.5067913608 1.87009053616
35.3882008159 -39.2758968603 1.79575406385
36.7014172497 -39.0450023599 1.72141759155
38.1688286828 -38.6637770326 1.52261411223
39.6362401158 -38.2825517053 1.32381063291
41.1036515489 -37.9013263781 1.12500715359
42.571062982 -37.5201010508 0.926203674265
42.3770397628 -37.1845558206 0.589970889376
42.1830165437 -36.8490105905 0.253738104486
40.7402772863 -35.9606208558 0.281365645268
39.297538029 -35.072231121 0.30899318605
37.8547987717 -34.1838413863 0.336620726832
36.4120595144 -33.2954516516 0.364248267614
34.9693202571 -32.4070619168 0.391875808396
33.5265809998 -31.5186721821 0.419503349179
32.0838417425 -30.6302824474 0.447130889961
30.6411024852 -29.7418927126 0.474758430743
29.3004228543 -30.0882854478 0.591725796715
27.9597432233 -30.434678183 0.708693162687
26.6190635924 -30.7810709182 0.825660528658
25.2783839615 -31.1274636535 0.94262789463
23.9377043306 -31.4738563887 1.0595952606
22.5970246997 -31.8202491239 1.17656262657
21.2563450688 -32.1666418591 1.29352999255
19.9156654378 -32.5130345943 1.41049735852
18.5749858069 -32.8594273295 1.52746472449
17.234306176 -33.2058200647 1.64443209046
15.8936265451 -33.5522127999 1.76139945643
14.5529469142 -33.8986055351 1.87836682241
13.4293328638 -33.3207484337 1.80629575615
12.3057188134 -32.7428913324 1.73422468989
11.182104763 -32.1650342311 1.66215362363
10.0584907126 -31.5871771298 1.59008255737
8.93487666217 -31.0093200285 1.51801149112
7.81126261177 -30.4314629271 1.44594042486
6.68764856137 -29.8536058258 1.3738693586
5.56403451097 -29.2757487245 1.30179829234
4.44042046057 -28.6978916232 1.22972722608
3.31680641016 -28.1200345219 1.15765615983
2.19319235976 -27.5421774206 1.08558509357
1.06957830936 -26.9643203192 1.01351402731
2.04381109875 -26.2618258695 1.09280488655
3.01804388814 -25.5593314198 1.1720957458
3.99227667753 -24.8568369701 1.25138660504
4.96650946692 -24.1543425203 1.33067746428
5.94074225631 -23.4518480706 1.40996832353
6.9149750457 -22.7493536209 1.48925918277
7.88920783509 -22.0468591712 1.56855004201
8.86344062448 -21.3443647214 1.64784090125
9.83767341387 -20.6418702717 1.7271317605
10.8119062033 -19.939375822 1.80642261974
11.7861389926 -19.2368813723 1.88571347898
12.760371782 -18.5343869226 1.96500433823
12.9089187637 -17.4507776947 2.04762493681
13.0574657455 -16.3671684669 2.13024553539
13.2060127272 -15.283559239 2.21286613397
13.3545597089 -14.1999500112 2.29548673255
13.5031066906 -13.1163407833 2.37810733113
13.6516536723 -12.0327315554 2.46072792971
13.800200654 -10.9491223276 2.54334852829
13.9487476357 -9.86551309975 2.62596912688
13.7170835808 -8.48518549703 2.65438522958
13.4854195259 -7.10485789432 2.68280133228
13.253755471 -5.72453029161 2.71121743498
13.022091416 -4.34420268889 2.73963353768
12.7904273611 -2.96387508618 2.76804964038
12.5587633062 -1.58354748347 2.79646574308
12.3270992513 -0.203219880756 2.82488184578
12.0954351963 1.17710772196 2.85329794848
11.8637711414 2.55743532467 2.88171405119
11.6321070865 3.93776292738 2.91013015389
11.6318834161 5.24588252927 2.96855436991
11.6316597458 6.55400213116 3.02697858594
11.6314360754 7.86212173305 3.08540280196
11.6312124051 9.17024133494 -3.1393582892
11.6309887347 10.4783609368 -3.08093407317
11.6307650643 11.7864805387 -3.02250985715
11.630541394 13.0946001406 -2.96408564112
11.6303177236 14.4027197425 -2.9056614251
12.7872959761 15.3497993403 -2.69719664246
13.9442742287 16.2968789381 -2.48873185982
15.1012524812 17.2439585358 -2.28026707717
16.2582307337 18.1910381336 -2.07180229453
17.9939217828 18.3035379284 -1.8175293366
19.7296128319 18.4160377232 -1.56325637866
21.465303881 18.5285375179 -1.30898342072
23.2009949301 18.6410373127 -1.05471046278
24.3582338612 18.0871437619 -1.18212285649
25.5154727923 17.533250211 -1.30953525019
26.6727117234 16.9793566602 -1.43694764389
27.8299506545 16.4254631093 -1.5643600376
28.9871895856 15.8715695585 -1.6917724313
30.1444285167 15.3176760076 -1.819184825
31.3016674479 14.7637824568 -1.94659721871
32.458906379 14.2098889059 -2.07400961241
34.0553522602 14.6971069277 -2.07633908907
35.6517981414 15.1843249494 -2.07866856573
37.2482440227 15.6715429712 -2.08099804239
38.8446899039 16.158760993 -2.08332751905
40.4411357851 16.6459790147 -2.08565699571
42.0375816664 17.1331970365 -2.08798647237
43.6340275476 17.6204150583 -2.09031594903
45.2304734288 18.1076330801 -2.09264542569
44.7058208359 19.0795999121 -2.30184733512
44.181168243 20.0515667442 -2.51104924455
43.6565156501 21.0235335763 -2.72025115398
43.1318630572 21.9955004084 -2.92945306341
42.6072104643 22.9674672405 -3.13865497284
42.0825578714 23.9394340726 2.93532842491
41.5579052785 24.9114009047 2.72612651548
41.0332526856 25.8833677368 2.51692460605
39.6571164013 25.6332260109 2.7258215896
38.2809801171 25.383084285 2.93471857314
36.9048438328 25.1329425592 -3.13956975049
35.5287075485 24.8828008333 -2.93067276695
34.1525712643 24.6326591075 -2.7217757834
32.77643498 24.3825173816 -2.51287879986
31.4002986957 24.1323756557 -2.30398181631
30.0241624115 23.8822339299 -2.09508483276
29.9439816367 25.6047782013 -1.97217122926
29.8638008619 27.3273224728 -1.84925762576
29.7836200871 29.0498667443 -1.72634402226
29.7034393124 30.7724110157 -1.60343041876
29.6232585376 32.4949552872 -1.48051681526
29.5430777628 34.2174995587 -1.35760321176
29.462896988 35.9400438301 -1.23468960826
29.3827162133 37.6625881016 -1.11177600476
27.4027038637 37.1085909931 -1.1086346362
25.4226915141 36.5545938846 -1.10549326764
23.4426791646 36.000596776 -1.10235189909
21.462666815 35.4465996675 -1.09921053053
21.5550880532 36.8138746933 -0.900185721151
21.6475092914 38.1811497191 -0.701160911774
21.7399305296 39.5484247449 -0.502136102397
21.8323517677 40.9156997707 -0.303111293019
21.9247730059 42.2829747965 -0.104086483642
22.0171942441 43.6502498223 0.0949383257354
22.1096154823 45.0175248481 0.293963135113
22.2020367204 46.3847998739 0.49298794449
23.5644094254 46.2357498818 0.462176197959
24.9267821304 46.0866998897 0.431364451429
26.2891548353 45.9376498975 0.400552704898
27.6515275403 45.7885999054 0.369740958368
29.0139002453 45.6395499133 0.338929211837
30.3762729503 45.4904999212 0.308117465306
31.7386456552 45.3414499291 0.277305718776
33.1010183602 45.1923999369 0.246493972245
34.4633910652 45.0433499448 0.215682225714
35.8257637702 44.8942999527 0.184870479184
37.1881364751 44.7452499606 0.154058732653
38.5505091801 44.5961999685 0.123246986123
40.3670061201 44.3974666456 0.082164657415
42.18350306 44.1987333228 0.0410823287075
44.0 44.0 0.0